  58  61 114 168 168 166 165 164 160 169 173 173 173 170 168 170
  60  63 112 167 169 165 164 169 169 168 168 168 171 171 169 171
 105 106 138 167 169 166 166 169 170 169 171 173 172 171 173 172
 171 166 165 166 168 167 167 169 169 168 170 171 170 169 170 170
 169 164 166 168 167 169 168 169 171 171 170 169 169 169 171 170
 160 165 167 167 169 171 170 170 172 170 172 172 171 173 175 175
 164 165 169 171 171 170 172 172 171 172 171 170 171 171 173 174
 162 167 167 170 169 171 170 171 172 171 172 172 172 171 172 171
 163 170 167 168 168 107  72  94 171 170 172 172 170 112  63  64
 165 166 169 166 167  96  61  75 171 170 173 174 172 102  60  58
 143 151 138 124 131 120 108 105 167 173 173 175 174 122 110 106
  51  52  55  55  58 151 170 170 172 173 172 171 174 171 172 174
  56  54  56  55  56 153 167 168 169 169 171 170 171 173 171 171
  55  55  56  53  59 105 103  99 101  99 104 108 113 149 172 173
  53  55  56  53  54  56  57  57  58  57  55  59  62 125 172 172
  52  53  55  53  55  55  55  56  57  57  57  56  58 128 169 174
  58  59 115 169 169 169 168 167 163 173 176 175 177 176 172 172
  59  62 112 172 173 174 174 175 177 177 177 176 177 178 177 177
 104 108 143 172 174 175 175 176 177 177 178 180 179 177 178 177
 172 172 173 174 174 176 175 176 180 178 179 180 179 178 179 177
 174 174 174 175 174 175 177 178 178 179 178 180 180 178 180 179
 167 173 174 176 176 175 177 179 178 179 179 179 180 178 178 177
 168 174 174 176 176 174 177 178 177 178 179 179 179 179 179 178
 168 173 174 175 176 175 174 176 178 177 179 179 179 177 177 175
 169 173 176 175 173 115  76  99 179 179 180 180 177 121  71  72
 172 173 175 174 173 100  63  81 179 179 178 179 179 109  63  60
 150 155 144 133 137 124 111 111 173 180 179 178 179 129 114 111
  57  58  58  60  63 160 175 178 177 179 180 179 179 181 180 180
  54  56  56  57  59 163 176 177 177 178 178 178 178 180 179 179
  53  52  53  54  57 111 107 102 106 108 111 118 120 157 180 178
  52  52  51  53  55  56  57  59  59  59  59  60  61 136 179 180
  52  53  52  51  52  53  54  55  55  55  57  56  59 136 178 179
  49  50 110 169 169 168 165 163 160 169 174 173 174 174 170 169
  49  51 110 171 172 173 173 174 174 173 174 174 175 177 176 173
  98 104 142 171 173 174 173 175 175 174 173 174 176 176 177 175
 171 169 171 173 173 174 174 174 174 176 175 174 177 177 178 176
 172 169 170 173 172 174 175 175 174 174 176 177 178 177 177 175
 165 170 171 172 174 174 174 174 175 174 177 178 179 178 178 177
 168 172 173 172 173 174 174 176 176 176 178 178 178 178 178 172
 167 171 173 174 174 174 173 173 177 177 177 179 178 176 176 171
 169 169 171 173 172 109  68  95 177 177 178 178 177 116  62  62
 172 171 171 173 170  91  54  76 177 177 178 178 177 100  53  50
 149 153 140 128 132 118 104 106 171 176 178 179 178 121 106 102
  48  49  50  51  55 157 174 176 176 177 177 179 176 176 178 177
  44  44  47  46  50 161 173 175 176 176 177 178 176 176 179 177
  43  41  42  43  49 108 102  95 100 103 108 113 119 156 179 175
  42  42  42  43  44  44  46  46  46  49  49  49  52 133 178 176
  42  42  43  41  42  43  45  45  44  47  48  47  49 133 177 178

 170 171 172 170 170 175 174 171  64  58 106 174 171 173 172 174
 168 169 173 170 171 175 173 172  63  60 110 172 171 172 172 169
 170 171 171 169 169 173 171 171 112 102 122 171 173 149 125 128
 173 171 172 170 169 171 171 172 170 172 174 174 171 113  62  58
 173 168 173 171 169 172 170 172 172 174 175 171 170 108  59  56
 173 168 171 170 170 172 171 172 172 173 173 172 171 104  55  57
 169 168 169 168 171 170 172 171 170 170 173 173 169  99  57  57
 160 169 170 169 171 172 171 172 171 171 167 172 169 101  58  57
 164 169 169 169 169 170 172 171  94  75 105 170 168  99  57  56
 165 164 166 167 168 170 172 170  72  61 108 170 167 103  57  55
 166 165 166 167 169 171 170 171 107  96 120 151 153 105  56  55
 168 169 169 168 167 169 171 169 168 167 131  58  56  59  54  55
 168 167 167 166 168 167 171 170 168 166 124  55  55  53  53  53
 114 112 138 165 166 167 169 167 167 169 138  55  56  56  56  55
  61  63 106 166 164 165 165 167 170 166 151  52  54  55  55  53
  58  60 105 171 169 160 164 162 163 165 143  51  56  55  53  52
 172 177 177 177 179 177 178 175  72  60 111 180 179 178 180 179
 172 177 178 179 180 178 179 177  71  63 114 180 179 180 179 178
 176 178 177 178 178 178 179 177 121 109 129 181 180 157 136 136
 177 177 179 179 180 180 179 179 177 179 179 179 178 120  61  59
 175 176 180 180 180 179 179 179 180 179 178 179 178 118  60  56
 176 177 178 179 178 179 179 179 180 178 179 180 178 111  59  57
 173 177 177 178 179 179 178 177 179 179 180 179 178 108  59  55
 163 177 177 180 178 178 177 178 179 179 173 177 177 106  59  55
 167 175 176 176 178 179 178 176  99  81 111 178 177 102  59  55
 168 174 175 175 177 177 177 174  76  63 111 175 176 107  57  54
 169 174 175 176 175 175 174 175 115 100 124 160 163 111  56  53
 169 173 174 174 174 176 176 176 173 173 137  63  59  57  55  52
 169 172 172 174 175 176 176 175 175 174 133  60  57  54  53  51
 115 112 143 173 174 174 174 174 176 175 144  58  56  53  51  52
  59  62 108 172 174 173 174 173 173 173 155  58  56  52  52  53
  58  59 104 172 174 167 168 168 169 172 150  57  54  53  52  52
 169 173 175 176 175 177 172 171  62  50 102 177 177 175 176 178
 170 176 177 178 177 178 178 176  62  53 106 178 179 179 178 177
 174 177 176 177 177 178 178 176 116 100 121 176 176 156 133 133
 174 175 176 177 178 179 178 178 177 177 178 176 176 119  52  49
 173 174 174 174 177 178 178 179 178 178 179 179 178 113  49  47
 174 174 173 175 176 177 178 177 178 178 178 177 177 108  49  48
 169 173 174 176 174 174 176 177 177 177 176 177 176 103  49  47
 160 174 175 174 174 175 176 177 177 177 171 176 176 100  46  44
 163 174 175 174 175 174 176 173  95  76 106 176 175  95  46  45
 165 173 173 174 175 174 174 173  68  54 104 174 173 102  46  45
 168 173 174 174 174 174 174 174 109  91 118 157 161 108  44  43
 169 172 173 173 172 174 173 174 172 170 132  55  50  49  44  42
 169 171 171 173 173 172 172 174 173 173 128  51  46  43  43  41
 110 110 142 171 170 171 173 173 171 171 140  50  47  42  42  43
  50  51 104 169 169 170 172 171 169 171 153  49  44  41  42  42
  49  49  98 171 172 165 168 167 169 172 149  48  44  43  42  42

 174 169 128  58  56  57  57  57  56  55  55  55  53  55  53  52
 172 172 125  62  59  55  57  58  57  57  56  54  53  56  55  53
 173 172 149 113 108 104  99 101  99 103 105  59  53  56  55  55
 171 171 173 171 170 171 169 169 168 167 153  56  55  56  54  56
 174 172 171 174 171 172 173 172 170 170 151  58  55  55  52  51
 106 110 122 174 175 173 173 167 105 108 120 131 124 138 151 143
  58  60 102 172 174 173 170 171  75  61  96 167 166 169 166 165
  64  63 112 170 172 172 170 171  94  72 107 168 168 167 170 163
 171 172 171 172 172 172 171 172 171 170 171 169 170 167 167 162
 174 173 171 171 170 171 172 171 172 172 170 171 171 169 165 164
 175 175 173 171 172 172 170 172 170 170 171 169 167 167 165 160
 170 171 169 169 169 170 171 171 169 168 169 167 168 166 164 169
 170 170 169 170 171 170 168 169 169 167 167 168 166 165 166 171
 172 173 171 172 173 171 169 170 169 166 166 169 167 138 106 105
 171 169 171 171 168 168 168 169 169 164 165 169 167 112  63  60
 170 168 170 173 173 173 169 160 164 165 166 168 168 114  61  58
 179 178 136  59  56  57  55  55  55  54  53  52  51  52  53  52
 180 179 136  61  60  59  59  59  59  57  56  55  53  51  52  52
 178 180 157 120 118 111 108 106 102 107 111  57  54  53  52  53
 179 179 180 178 178 178 178 177 177 176 163  59  57  56  56  54
 180 180 181 179 179 180 179 177 178 175 160  63  60  58  58  57
 111 114 129 179 178 179 180 173 111 111 124 137 133 144 155 150
  60  63 109 179 179 178 179 179  81  63 100 173 174 175 173 172
  72  71 121 177 180 180 179 179  99  76 115 173 175 176 173 169
 175 177 177 179 179 179 177 178 176 174 175 176 175 174 173 168
 178 179 179 179 179 179 178 177 178 177 174 176 176 174 174 168
 177 178 178 180 179 179 179 178 179 177 175 176 176 174 173 167
 179 180 178 180 180 178 179 178 178 177 175 174 175 174 174 174
 177 179 178 179 180 179 178 180 176 175 176 174 174 173 172 172
 177 178 177 179 180 178 177 177 176 175 175 174 172 143 108 104
 177 177 178 177 176 177 177 177 175 174 174 173 172 112  62  59
 172 172 176 177 175 176 173 163 167 168 169 169 169 115  59  58
 178 177 133  49  47  48  47  44  45  45  43  42  41  43  42  42
 176 178 133  52  49  49  49  46  46  46  44  44  43  42  42  42
 175 179 156 119 113 108 103 100  95 102 108  49  43  42  41  43
 177 179 176 176 178 177 176 176 175 173 161  50  46  47  44  44
 177 178 176 176 179 177 177 176 176 174 157  55  51  50  49  48
 102 106 121 178 179 178 176 171 106 104 118 132 128 140 153 149
  50  53 100 177 178 178 177 177  76  54  91 170 173 171 171 172
  62  62 116 177 178 178 177 177  95  68 109 172 173 171 169 169
 171 176 176 178 179 177 177 177 173 173 174 174 174 173 171 167
 172 178 178 178 178 178 176 176 176 174 174 173 172 173 172 168
 177 178 178 179 178 177 174 175 174 174 174 174 172 171 170 165
 175 177 177 178 177 176 174 174 175 175 174 172 173 170 169 172
 176 178 177 177 174 175 176 174 174 174 174 173 173 171 169 171
 175 177 176 176 174 173 174 175 175 173 174 173 171 142 104  98
 173 176 177 175 174 174 173 174 174 173 173 172 171 110  51  49
 169 170 174 174 173 174 169 160 163 165 168 169 169 110  50  49

  52  53  55  56  51 143 165 163 162 164 160 169 171 105  60  58
  53  55  55  54  52 151 166 170 167 165 165 164 166 106  63  61
  55  56  56  56  55 138 169 167 167 169 167 166 165 138 112 114
  53  53  53  55  55 124 166 168 170 171 167 168 166 167 167 168
  55  54  59  56  58 131 167 168 169 171 169 167 168 169 169 168
  55  56 105 153 151 120  96 107 171 170 171 169 167 166 165 166
  55  57 103 167 170 108  61  72 170 172 170 168 167 166 164 165
  56  57  99 168 170 105  75  94 171 172 170 169 169 169 169 164
  57  58 101 169 172 167 171 171 172 171 172 171 169 170 169 160
  57  57  99 169 173 173 170 170 171 172 170 171 168 169 168 169
  57  55 104 171 172 173 173 172 172 171 172 170 170 171 168 173
  56  59 108 170 171 175 174 172 172 170 172 169 171 173 168 173
  58  62 113 171 174 174 172 170 172 171 171 169 170 172 171 173
 128 125 149 173 171 122 102 112 171 171 173 169 169 171 171 170
 169 172 172 171 172 110  60  63 172 173 175 171 170 173 169 168
 174 172 173 171 174 106  58  64 171 174 175 170 170 172 171 170
  52  52  53  54  57 150 172 169 168 168 167 174 172 104  59  58
  53  52  52  56  58 155 173 173 173 174 173 174 172 108  62  59
  52  51  53  56  58 144 175 176 174 174 174 174 173 143 112 115
  51  53  54  57  60 133 174 175 175 176 176 175 174 172 172 169
  52  55  57  59  63 137 173 173 176 176 176 174 174 174 173 169
  53  56 111 163 160 124 100 115 175 174 175 175 176 175 174 169
  54  57 107 176 175 111  63  76 174 177 177 177 175 175 174 168
  55  59 102 177 178 111  81  99 176 178 179 178 176 176 175 167
  55  59 106 177 177 173 179 179 178 177 178 178 180 177 177 163
  55  59 108 178 179 180 179 179 177 178 179 179 178 177 177 173
  57  59 111 178 180 179 178 180 179 179 179 178 179 178 177 176
  56  60 118 178 179 178 179 180 179 179 179 180 180 180 176 175
  59  61 120 178 179 179 179 177 179 179 180 180 179 179 177 177
 136 136 157 180 181 129 109 121 177 179 178 178 178 177 178 176
 178 179 180 179 180 114  63  71 177 179 178 180 179 178 177 172
 179 180 178 179 180 111  60  72 175 178 177 179 177 177 177 172
  42  42  43  44  48 149 172 169 167 168 165 172 171  98  49  49
  42  42  41  44  49 153 171 169 171 172 170 169 169 104  51  50
  43  42  42  47  50 140 171 171 173 173 171 170 171 142 110 110
  41  43  43  46  51 128 173 173 174 172 172 173 173 171 171 169
  42  44  49  50  55 132 170 172 174 173 174 172 173 173 172 169
  43  44 108 161 157 118  91 109 174 174 174 174 174 174 173 168
  45  46 102 173 174 104  54  68 173 174 174 175 174 173 173 165
  45  46  95 175 176 106  76  95 173 176 174 175 174 175 174 163
  44  46 100 176 176 171 177 177 177 176 175 174 174 175 174 160
  47  49 103 176 177 176 177 177 177 176 174 174 176 174 173 169
  48  49 108 177 177 178 178 178 177 178 177 176 175 173 174 174
  47  49 113 178 179 179 178 178 179 178 178 177 174 174 174 173
  49  52 119 176 176 178 177 177 178 178 179 178 177 176 175 174
 133 133 156 176 176 121 100 116 176 178 178 177 177 176 177 174
 177 178 179 179 178 106  53  62 176 178 178 177 178 177 176 170
 178 176 175 177 177 102  50  62 171 172 177 175 176 175 173 169

